"","FID","GEOID10","AREA_SQFT","AREA_ACRES","POP100_RE","HU100_RE","TotDis","TotChild","OlderAdult","Low_to_No","LEP","POC2","MedIllnes","Neighborhood","Shape__Area","Shape__Length","Ppl_per_house","Per_POC","Per_Med","Per_child","Per_eld","Per_LI","Per_Lmt_Eng","Per_Dis","ZMed","ZChild","ZEld","ZLowI","ZLEP","ZDis","ZPOC"
"1",1,25025010405,3914567.54,89.8661,5522,994,470,60,331,1191,1522,1755,2131.22,"Mission Hill",3.97e-05,0.046606703,5.55533199195171,0.317819630568635,0.385950742484607,0.0108656283955089,0.0599420499818906,0.215682723650851,0.275624773632742,0.0851140890981528,-0.00445758778840701,-1.47385165526341,-0.652370825604538,-0.366154042642242,-0.595706387591454,-0.385510328815205,-0.653556954114644
"2",2,25025010404,1472713.92,33.8089,5817,1862,299,77,56,2387,2443,1749,2201.14,"Fenway",1.49e-05,0.017437192,3.12406015037594,0.300670448684889,0.378397799553034,0.01323706377858,0.00962695547533093,0.410348977135981,0.419975932611312,0.0514010658414991,-0.241252912912813,-1.45114384725273,-1.39057322007283,0.769007418816212,0.206030066220381,-0.839269463393903,-0.710269133908271
"3",3,25025010801,1376667.12,31.6039,2783,1899,84,281,390,72,462,447,1214.76,"Back Bay",1.4e-05,0.021367901,1.46550816219063,0.160618038088394,0.436492993172835,0.10097017606899,0.140136543298599,0.0258713618397413,0.16600790513834,0.0301832554796982,1.58011266418701,-0.611050676554514,0.524209832151105,-1.47300507109427,-1.20452615770294,-1.12484976255991,-1.17342111072692
"4",4,25025010702,3228780.12,74.1226,2400,1643,45,86,285,187,472,320,1014.2,"Back Bay",3.28e-05,0.026152258,1.4607425441266,0.133333333333333,0.422583333333333,0.0358333333333333,0.11875,0.0779166666666667,0.196666666666667,0.01875,1.14402537292784,-1.23477204371557,0.210435255609923,-1.16951217886631,-1.03424524745662,-1.27873522315446,-1.26365136731728
"5",5,25025010204,2741497.18,62.9361,3173,1283,131,13,36,895,931,1039,1181.78,"Fenway",2.78e-05,0.025103492,2.47310989867498,0.327450362433029,0.372448786637252,0.00409706901985503,0.0113457295934447,0.28206744405925,0.293413173652695,0.0412858493539237,-0.427762788642625,-1.53866436233038,-1.3653560723762,0.0209565884413593,-0.496908367181375,-0.975414829074581,-0.621708216329933
"6",6,25025010802,1673329.62,38.4144,3059,2106,109,232,428,309,737,517,1245.52,"Back Bay",1.7e-05,0.022044297,1.45251661918329,0.169009480222295,0.407165740438052,0.0758417783589408,0.139915004903563,0.1010134030729,0.240928407976463,0.0356325596600196,0.6606622712403,-0.851669010450195,0.520959511838968,-1.03482768895382,-0.788412434139743,-1.05150506338848,-1.14567069217916
"7",7,25025010104,3086172.34,70.8488,4804,2136,238,85,382,1024,1406,1664,1865.37,"Back Bay",3.13e-05,0.032742953,2.24906367041199,0.346378018318068,0.388295170691091,0.0176935886761032,0.0795170691090758,0.21315570358035,0.292672772689425,0.0495420482930891,0.0690435156112374,-1.40847015161245,-0.365174187435314,-0.380889908489603,-0.501020606022342,-0.864290838294376,-0.55911464009399
"8",8,25025000703,1916064.65,43.9868,2791,1418,99,31,31,1740,1771,1083,1029.6,"Allston",1.95e-05,0.02536689,1.96826516220028,0.388032963095665,0.368900035829452,0.0111071300609101,0.0111071300609101,0.623432461483339,0.634539591544249,0.0354711572912934,-0.539021090066532,-1.4715391429802,-1.3688567066881,2.01156567004841,1.39773166561886,-1.05367745233724,-0.421362137756852
"9",9,25025000504,3586159.72,82.3269,4985,2726,700,35,837,1967,2804,1123,2113.6,"Brighton",3.64e-05,0.034292128,1.82868672046955,0.225275827482447,0.423991975927783,0.00702106318956871,0.1679037111334,0.394583751253761,0.562487462387162,0.140421263791374,1.18818828851701,-1.51066549771691,0.931598310385626,0.677075322049117,0.997549090509974,0.358894453091615,-0.95959842215601
"10",10,25025000704,2580833.98,59.2478,4801,2405,301,142,113,1560,1673,1928,1802.25,"Allston",2.62e-05,0.022102255,1.9962577962578,0.401583003540929,0.375390543636742,0.0295771714226203,0.0235367631743387,0.324932305769631,0.34846906894397,0.0626952718183712,-0.335534592104893,-1.29467826109191,-1.18649423640596,0.270915367599186,-0.191124066143544,-0.687255534212764,-0.376552284135141
"11",11,25025010103,2938702.47,67.4633,4569,528,122,34,16,392,408,1995,1629.62,"Fenway",2.98e-05,0.034155628,8.65340909090909,0.436638214051215,0.356668855329394,0.00744145327205078,0.00350186036331801,0.0857955789012913,0.0892974392646093,0.0267016852702998,-0.922485706363249,-1.50664002970258,-1.48043809903961,-1.12356771049114,-1.63058146141539,-1.17170982234051,-0.260625039638008
"12",12,25025000803,12465804.76,286.1755,6584,946,285,168,96,598,694,2649,2378.26,"Fenway",0.000126563,0.082055459,6.95983086680761,0.4023390036452,0.361218104495747,0.0255164034021871,0.0145808019441069,0.0908262454434994,0.105407047387606,0.0432867557715674,-0.779860382012451,-1.33356236531089,-1.31789241998804,-1.09423227775987,-1.54110756885907,-0.948483706418182,-0.374052199050727
"13",13,25025980300,22640579.76,519.7562,338,2,136,0,64,242,306,191,149.4,"Jamaica Plain",0.000229662,0.066547957,169,0.56508875739645,0.442011834319527,0,0.189349112426035,0.715976331360947,0.905325443786982,0.402366863905325,1.75313605327922,-1.57789606873635,1.2462364272333,2.55121870542833,2.90169526698997,3.88454114189593,0.164159673601795
"14",14,25025120201,7743687.53,177.7706,3439,1726,378,571,306,1221,1527,1536,1345.15,"Jamaica Plain",7.86e-05,0.040206443,1.99246813441483,0.446641465542309,0.391145681884269,0.16603663855772,0.0889793544635068,0.35504507124164,0.444024425705147,0.109915673160803,0.158411028496549,0.0119967607384237,-0.226347424328021,0.446512576924285,0.339597082301161,-0.0516943659223603,-0.227544383025373
"15",15,25025120104,3124502.39,71.7287,2095,1060,137,342,146,403,549,736,802.52,"Jamaica Plain",3.17e-05,0.027106745,1.97641509433962,0.351312649164678,0.383064439140811,0.163245823389021,0.0696897374701671,0.19236276849642,0.262052505966587,0.0653937947494033,-0.094947234657671,-0.014726841134311,-0.509356759647926,-0.502140192785476,-0.671087713421081,-0.650934869035272,-0.542795863275059
"16",16,25025110607,12606722.98,289.4105,5077,2227,486,772,987,675,1662,992,2177.4,"Roslindale",0.000127856,0.067185524,2.27974854063763,0.195390978924562,0.428875320070908,0.152058302146937,0.194406145361434,0.132952531022257,0.327358676383691,0.0957258223360252,1.34128795768461,-0.121853557001925,1.32043113676186,-0.848580373296353,-0.3083726659443,-0.242682115108604,-1.05842732933126
"17",17,25025000302,6845240.11,157.1451,3142,1346,243,335,334,754,1088,847,1259.57,"Brighton",6.95e-05,0.039591694,2.33432392273403,0.269573520050923,0.400881604073838,0.106619987269255,0.106301718650541,0.239974538510503,0.346276257161044,0.0773392743475493,0.463645806668637,-0.556950603262167,0.0277991860704422,-0.224500666343679,-0.203303096469036,-0.490155147699766,-0.813106378254641
"18",18,25025000301,6159816.07,141.4099,2740,1219,326,280,357,379,736,690,1115.87,"Brighton",6.25e-05,0.038715436,2.24774405250205,0.251824817518248,0.407251824817518,0.102189781021898,0.13029197080292,0.138321167883212,0.268613138686131,0.118978102189781,0.663361136941867,-0.59937228324167,0.379774309171427,-0.817274127062019,-0.634649499495066,0.0702810476163391,-0.871801167076649
"19",19,25025140400,20351684.25,467.2104,7650,2906,760,1839,1019,1654,2673,6984,2980.22,"Roslindale",0.000206336,0.088299858,2.63248451479697,0.912941176470588,0.389571241830065,0.240392156862745,0.133202614379085,0.216209150326797,0.349411764705882,0.0993464052287582,0.109050130644994,0.723992055342891,0.422478075872865,-0.363084279577924,-0.18588826781309,-0.193951019485114,1.31450428280318
"20",20,25025140300,17100930.39,392.5833,6382,2525,983,900,1016,1361,2377,5198,2480.86,"Hyde Park",0.00017335,0.076043245,2.52752475247525,0.814478219993732,0.388727671576308,0.141021623315575,0.159197743654027,0.213256032591664,0.372453776245691,0.154026950799123,0.0826030232971227,-0.227535873192027,0.803867932405346,-0.380304857793495,-0.0579113208225907,0.542019671942051,0.988888231344755
"21",21,25025140201,15233749.25,349.7188,2072,935,161,366,131,160,291,1094,792.52,"Hyde Park",0.00015437,0.072390936,2.21604278074866,0.527992277992278,0.382490347490347,0.176640926640927,0.0632239382239382,0.0772200772200772,0.140444015444015,0.0777027027027027,-0.112945810875499,0.113538695889765,-0.604220309692439,-1.17357421571178,-1.34650979270935,-0.485263597788614,0.0414819724763533
"22",22,25025140202,16745324.86,384.4198,5600,2081,745,1401,725,840,1565,3200,2153.35,"Hyde Park",0.00016972,0.057795755,2.69101393560788,0.571428571428571,0.384526785714286,0.250178571428571,0.129464285714286,0.15,0.279464285714286,0.133035714285714,-0.0491006242109142,0.817702398310753,0.367630853608293,-0.74917110511305,-0.574381468398518,0.259488934738558,0.185125377720231
"23",23,25025140102,23198637.86,532.5674,4401,1654,529,975,546,666,1212,2702,1660.79,"West Roxbury",0.000235114,0.089336905,2.66082224909311,0.613951374687571,0.377366507611906,0.221540558963872,0.124062713019768,0.151329243353783,0.275391956373551,0.120199954555783,-0.273585357724057,0.543477558157735,0.288381198289301,-0.74141986009189,-0.596999470965985,0.0867265223505122,0.3257478797207
"24",24,25025100800,19049295.24,437.3116,5546,2702,1041,1585,772,864,1636,2650,2169.73,"Mattapan",0.000193159,0.082584062,2.05255366395263,0.477821853588172,0.391224305805986,0.285791561485756,0.139199423007573,0.155787955283087,0.29498737829066,0.187702848900108,0.160875998412823,1.15871651435111,0.510460788260315,-0.715419678451381,-0.48816512429405,0.995279121921749,-0.124431139205382
"25",25,25025100601,5947564.59,136.5373,5154,2192,450,1006,429,841,1270,3052,1878.33,"Dorchester",6.03e-05,0.037459927,2.35127737226277,0.592161428017074,0.364441210710128,0.195188203337214,0.0832363213038417,0.163174233604967,0.246410554908809,0.0873108265424913,-0.678811494067809,0.291139148909418,-0.310606847301437,-0.672347916682232,-0.75796420586146,-0.355943426017697,0.253688735345886
"26",26,25025100500,9244789.61,212.2312,5989,2383,894,1413,493,1256,1749,5193,2149,"Dorchester",9.38e-05,0.046814378,2.5132186319765,0.867089664384705,0.358824511604608,0.235932542995492,0.0823175822340958,0.209717815995993,0.292035398230089,0.149273668392052,-0.854902867042147,0.681288781105576,-0.324086209465599,-0.400937335430435,-0.504560628439861,0.478043050948419,1.16287377268019
"27",27,25025100400,6739591.92,154.7197,4865,1830,723,1016,599,1090,1689,4308,1839.6,"Mattapan",6.83e-05,0.040535759,2.65846994535519,0.885508735868448,0.378129496402878,0.208838643371017,0.123124357656732,0.224049331963001,0.347173689619733,0.148612538540596,-0.249664591942935,0.421849677124402,0.274614033929401,-0.317365661764526,-0.198318693696962,0.469144599244548,1.22378546518534
"28",28,25025100300,5294161.33,121.5372,3303,1262,672,1052,355,1305,1660,3183,1199.65,"Mattapan",5.37e-05,0.032821238,2.61727416798732,0.963669391462307,0.363200121102028,0.318498334847109,0.107478050257342,0.395095367847411,0.502573418104753,0.203451407811081,-0.717721389180343,1.47190199494246,0.0450578401054821,0.680058722765763,0.664782289492225,1.20724624239927,1.48226200260128
"29",29,25025130402,24463363.16,561.6015,4637,2196,614,716,816,380,1196,942,1931.52,"West Roxbury",0.000248036,0.086373822,2.1115664845173,0.203148587448782,0.416545180073323,0.15441017899504,0.175975846452448,0.0819495363381497,0.257925382790597,0.132413198188484,0.954720822726852,-0.0993330328026447,1.05002936332176,-1.14599522023484,-0.694010044789781,0.251110203368485,-1.03277299244355
"30",30,25025130300,15522347.97,356.3441,4419,1811,297,1004,690,188,878,742,1752.17,"Roslindale",0.000157398,0.05790184,2.44008834897847,0.167911292147545,0.396508259787282,0.227200724145734,0.156143923964698,0.0425435618918307,0.198687485856529,0.0672097759674134,0.326535346335743,0.597676776561917,0.759063544595973,-1.37578411657324,-1.02302147604709,-0.62649273996182,-1.14930238959567
"31",31,25025130200,14558816.72,334.2244,4506,1914,301,872,746,192,938,593,1874.69,"Roslindale",0.000147647,0.059031825,2.35423197492163,0.131602308033733,0.41604305370617,0.193519751442521,0.165557035064359,0.0426098535286285,0.208166888592987,0.0667998224589436,0.938978458797864,0.275162797384008,0.897168843240691,-1.37539754874259,-0.970372208885265,-0.632010493377306,-1.26937585135878
"32",32,25025130100,47252103.12,1084.759,5906,2816,702,1135,1043,379,1422,1117,2388.24,"West Roxbury",0.000479219,0.116501548,2.09730113636364,0.189129698611581,0.40437521164917,0.192177446664409,0.176600067727735,0.0641720284456485,0.240772096173383,0.118862174060278,0.573175290626429,0.262309485246229,1.05918768140928,-1.2496615798583,-0.789280600849155,0.068720717434252,-1.07913332319471
"33",33,25025120700,3201881.94,73.5051,2014,1044,179,173,239,410,649,747,830.1,"Jamaica Plain",3.25e-05,0.032861172,1.92911877394636,0.37090367428004,0.412164846077458,0.0858987090367428,0.118669314796425,0.203574975173784,0.322244289970209,0.0888778550148957,0.817391225230679,-0.755368325793756,0.209251475452868,-0.43675821367926,-0.336778326526337,-0.334852066809558,-0.478008531365252
"34",34,25025120600,2779177.05,63.8011,2335,1103,171,240,104,259,363,584,900.54,"Jamaica Plain",2.82e-05,0.021098513,2.116953762466,0.250107066381156,0.385670235546039,0.102783725910064,0.0445396145610278,0.110920770877944,0.155460385438972,0.0732334047109208,-0.0132518726545497,-0.593684931781163,-0.878349029955159,-0.977054644497298,-1.2631078213357,-0.545417941511704,-0.877481753590213
"35",35,25025120500,2300163.94,52.8045,2331,905,260,456,166,752,918,1567,875.52,"Jamaica Plain",2.33e-05,0.025156715,2.57569060773481,0.672243672243672,0.375598455598456,0.195624195624196,0.0712140712140712,0.322608322608323,0.393822393822394,0.111540111540112,-0.329016261300969,0.295314016678364,-0.486992361235196,0.257363475195825,0.0607714788170738,-0.0298303002893208,0.518519947915897
"36",36,25025120400,10751638.6,246.8237,5751,2825,405,740,403,1148,1551,1407,2368.06,"Jamaica Plain",0.000109082,0.057517341,2.03575221238938,0.244653103808033,0.411764910450356,0.12867327421318,0.070074769605286,0.19961745783342,0.269692227438706,0.0704225352112676,0.804852683935416,-0.345778159137389,-0.503707726353255,-0.459835768660699,-0.628656164935376,-0.583250730990902,-0.895517955441208
"37",37,25025110601,15228405.8,349.5961,2969,1295,335,443,843,159,1002,389,1341.12,"Roslindale",0.000154458,0.055378129,2.29266409266409,0.131020545638262,0.451707645671943,0.149208487706298,0.283933984506568,0.0535533849781071,0.337487369484675,0.112832603570226,2.05711330060398,-0.149142109600092,2.6339468098745,-1.31158230120327,-0.252117194592409,-0.0124340537240206,-1.27129973401351
"38",38,25025110502,7365204.55,169.0818,3806,1684,347,659,461,481,942,1736,1504.48,"Roslindale",7.47e-05,0.040239565,2.26009501187648,0.456121912769312,0.395291644771414,0.173147661586968,0.121124540199685,0.126379400945875,0.24750394114556,0.0911718339464004,0.288392763921994,0.0800887470773342,0.245273533831579,-0.886910406418569,-0.751891462072617,-0.303976345970849,-0.196192635093224
"39",39,25025110501,6972865.51,160.075,3253,1371,529,840,501,638,1139,954,1283.32,"Roslindale",7.07e-05,0.036727276,2.37272064186725,0.293267752843529,0.394503535198278,0.258223178604365,0.154011681524746,0.196126652320935,0.350138333845681,0.162619120811559,0.263684426483872,0.894733970232691,0.727780159556243,-0.480191777040566,-0.181852851889082,0.657665652408265,-0.73474977796224
"40",40,25025110401,5623201.08,129.0909,3566,1362,440,853,303,985,1288,2449,1298.43,"Roslindale",5.7e-05,0.031987318,2.61820851688693,0.686763881099271,0.364113853056646,0.239203589455973,0.0849691531127314,0.276219854178351,0.361189007291082,0.123387549074593,-0.689074614376076,0.712610863734888,-0.285183450941396,-0.0131425867180263,-0.120476637087341,0.129629827676528,0.566538139153359
"41",41,25025101102,6040704.52,138.6755,4396,1672,900,1413,507,2158,2665,4342,1593.41,"Mattapan",6.13e-05,0.042873058,2.62918660287081,0.9877161055505,0.362468152866242,0.321428571428571,0.11533212010919,0.490900818926297,0.606232939035487,0.204731574158326,-0.740669617168303,1.49996063410789,0.160289526099827,1.23873108592757,1.24051453371465,1.22447659191199,1.56178425515306
"42",42,25025101101,4087498.72,93.8361,3155,1160,461,918,366,827,1193,3126,1149.59,"Mattapan",4.14e-05,0.027645038,2.7198275862069,0.99080824088748,0.364370839936609,0.290966719492868,0.116006339144216,0.262123613312203,0.378129952456418,0.146117274167987,-0.681017716244485,1.20827152027258,0.170181390776479,-0.0953422956876633,-0.0263854403336416,0.435559684784628,1.57200991701645
"43",43,25025101002,12588331.04,288.9883,4979,2149,914,1239,777,1475,2252,4778,1926.43,"Mattapan",0.000127637,0.053851748,2.3168915774779,0.959630447881101,0.386911026310504,0.248845149628439,0.156055432817835,0.296244225748142,0.452299658565977,0.183570998192408,0.0256486532920708,0.80493414560996,0.757765238846096,0.103625956822509,0.385558305579556,0.939666636887072,1.46890525496711
"44",44,25025101001,14014997.85,321.7401,5480,2266,1098,1136,698,1518,2216,5347,2163.21,"Roslindale",0.000142098,0.062095683,2.41835834068844,0.975729927007299,0.394746350364964,0.207299270072993,0.127372262773723,0.277007299270073,0.404379562043796,0.20036496350365,0.271297021582396,0.407109324695719,0.336937552539268,-0.00855074141801077,0.119406731017427,1.16570436443705,1.52214607782258
"45",45,25025100900,10776155.25,247.3865,4072,1729,507,945,478,1315,1793,3139,1544.95,"Mattapan",0.000109262,0.069588595,2.35511856564488,0.770874263261297,0.37940815324165,0.232072691552063,0.117387033398821,0.322937131630648,0.44032416502947,0.12450884086444,-0.209576911603921,0.644328564456694,0.190438369617007,0.259280866236345,0.319045575175836,0.144721811219435,0.844690365190726
"46",46,25025981600,6512223.54,149.5001,0,0,0,0,0,0,0,0,0,"East Boston",6.61e-05,0.068197166,NA,NA,NA,NA,NA,NA,NA,NA,NA,NA,NA,NA,NA,NA,NA
"47",47,25025051101,12481789.43,286.5425,6093,2345,655,1430,690,2013,2703,2904,2326.07,"East Boston",0.000126781,0.092788038,2.59829424307036,0.476612506154604,0.381761037255867,0.2346955522731,0.113244707040867,0.330379123584441,0.443623830625308,0.10750041030691,-0.135810706804788,0.669443909414962,0.129663859182318,0.302677512091425,0.337372149152045,-0.0842025030306588,-0.128430439553958
"48",48,25025051000,11241128.12,258.0608,4089,1784,831,888,762,939,1701,1873,1611.39,"East Boston",0.000114177,0.065259049,2.29204035874439,0.458058204940083,0.394079236977256,0.217168011738811,0.186353631694791,0.229640498899486,0.415994130594277,0.203228173147469,0.250382083793486,0.501607995270586,1.20228796464818,-0.284761771171009,0.183914858753347,1.20424162406536,-0.189789335480088
"49",49,25025030400,1169226.18,26.8417,2451,1659,185,144,215,572,787,198,1020.89,"North End",1.19e-05,0.019281418,1.47739602169982,0.0807833537331701,0.416519787841697,0.0587515299877601,0.087719298245614,0.233374133006936,0.32109343125255,0.0754793961648307,0.953924740749537,-1.01531760979134,-0.244834451458455,-0.262989751244159,-0.343170276502098,-0.515188106274481,-1.43743364517979
"50",50,25025030300,7441425.2,170.8316,4872,2960,678,310,1001,831,1832,884,2185.21,"North End",7.56e-05,0.072261943,1.64594594594595,0.181444991789819,0.448524220032841,0.0636288998357964,0.205459770114943,0.170566502463054,0.376026272577997,0.139162561576355,1.95730845419509,-0.968614090523253,1.48260537772508,-0.629241222171974,-0.0380694258147108,0.341952999237672,-1.10454657485251
"51",51,25025981300,77303253.63,1774.6385,389,245,0,55,0,16,16,131,151.28,"East Boston",0.000784907,0.18860215,1.58775510204082,0.336760925449871,0.388894601542416,0.141388174807198,0,0.0411311053984576,0.0411311053984576,0,0.0878365112177489,-0.224025939521803,-1.53181595553867,-1.38402060414393,-1.89810065544347,-1.53110012405878,-0.590918273849262
"52",52,25025110103,10064472.96,231.0485,5460,2353,624,1264,357,1584,1941,3322,2036.89,"Roslindale",0.000102082,0.077397612,2.32044198895028,0.608424908424908,0.373056776556777,0.231501831501832,0.0653846153846154,0.29010989010989,0.355494505494506,0.114285714285714,-0.408701454276598,0.638862263112723,-0.572519742112726,0.0678546750336658,-0.152104299164447,0.00712403383423518,0.307471908864702
"53",53,25025110301,8803506.22,202.1007,2405,955,338,506,179,241,420,1450,917.61,"Roslindale",8.93e-05,0.046575556,2.51832460732984,0.602910602910603,0.38154261954262,0.21039501039501,0.0744282744282744,0.1002079002079,0.174636174636175,0.140540540540541,-0.142658407613603,0.436752753896925,-0.439834892243,-1.03952483493096,-1.15660414420007,0.360499853890739,0.289236153486733
"54",54,25025140106,3045619.77,69.9178,1901,898,360,658,238,806,1044,1623,679.79,"Roslindale",3.09e-05,0.024782408,2.11692650334076,0.853761178327196,0.357596002104156,0.346133613887428,0.12519726459758,0.423987375065755,0.549184639663335,0.189374013677012,-0.893418358184293,1.73652510685558,0.305026872904488,0.848537298539803,0.923664280774076,1.01777209969872,1.11879659729104
"55",55,25025010701,2177562.16,49.9899,2478,1599,83,158,111,405,516,469,1005.53,"Back Bay",2.21e-05,0.023282469,1.54971857410882,0.189265536723164,0.405782889426957,0.0637610976594027,0.0447941888619855,0.163438256658596,0.208232445520581,0.0334947538337369,0.617307957863735,-0.967348223099956,-0.874614020404247,-0.670808313437961,-0.970008101114854,-1.08027877834861,-1.07868410786426
"56",56,25025010408,466915.08,10.7189,1426,961,5,34,42,454,496,412,540.77,"Fenway",4.74e-06,0.008881877,1.48387096774194,0.288920056100982,0.37922159887798,0.0238429172510519,0.02945301542777,0.318373071528752,0.347826086956522,0.00350631136044881,-0.215425651836545,-1.34958692263165,-1.09969341405648,0.232666365557885,-0.194695233165197,-1.48390706171108,-0.749127569335787
"57",57,25025000503,1497746.66,34.3835,2211,1408,71,15,147,451,598,472,893.44,"Brighton",1.52e-05,0.019129796,1.5703125,0.213478064224333,0.404088647670737,0.0067842605156038,0.0664857530529172,0.203980099502488,0.270465852555405,0.0321121664405246,0.564191109088616,-1.512933014553,-0.55636430264965,-0.434395803570621,-0.624359396817749,-1.09888765997419,-0.998613511948194
"58",58,25025030200,718033.85,16.4838,1665,1103,94,11,199,400,599,142,702.05,"North End",7.29e-06,0.013622672,1.50951949229374,0.0852852852852853,0.421651651651652,0.00660660660660661,0.11951951951952,0.24024024024024,0.35975975975976,0.0564564564564565,1.11481584907402,-1.51463414918507,0.221725329840537,-0.222951274199736,-0.12841477804506,-0.771226628643163,-1.42254580077223
"59",59,25025030100,821725.44,18.8642,1954,1377,104,69,217,581,798,136,848.11,"North End",8.34e-06,0.013062327,1.41902687000726,0.0696008188331627,0.434037871033777,0.0353121801432958,0.111054247697032,0.297338792221085,0.408393039918117,0.0532241555783009,1.50314115117475,-1.23976237432631,0.0975263396474298,0.110008725560512,0.141697868415833,-0.814731657486292,-1.4744141807002
"60",60,25025020200,1258118.25,28.8824,3649,2478,135,250,170,802,972,610,1482.61,"West End",1.28e-05,0.018248943,1.4725585149314,0.167169087421211,0.406305837215675,0.0685119210742669,0.0465881063305015,0.219786242806248,0.26637434913675,0.0369964373801041,0.633703102481469,-0.92185645605983,-0.848294400343425,-0.342225104173617,-0.647083893557802,-1.03314800388582,-1.15175685349773
"61",61,25025010600,3654163.73,83.8881,2858,2325,293,151,683,346,1029,699,1246.18,"Back Bay",3.71e-05,0.033558626,1.22924731182796,0.244576627011896,0.436032190342897,0.0528341497550735,0.238978306508048,0.121063680895731,0.360041987403779,0.102519244226732,1.56566585094852,-1.07197980485231,1.97437557247721,-0.917908077729308,-0.126847265930266,-0.151246315521965,-0.895770863471572
"62",62,25025010500,2137658.05,49.0739,3044,1767,433,33,511,1080,1591,1074,1251.06,"Back Bay",2.17e-05,0.020843739,1.72269383135258,0.352825229960578,0.410992115637319,0.0108409986859396,0.167871222076215,0.354796320630749,0.522667542706964,0.142247043363995,0.780624485646953,-1.47408749838199,0.931121644286855,0.445062032199956,0.776386465828777,0.383468462740551,-0.537793773109417
"63",63,25025010300,5480700.06,125.8196,4861,416,207,118,11,186,197,1480,1824.08,"Longwood Medical Area",5.56e-05,0.041621185,11.6850961538462,0.304464102036618,0.375247891380374,0.0242748405677844,0.00226290886648838,0.0382637317424398,0.0405266406089282,0.042583830487554,-0.340006939868196,-1.34545101750781,-1.49861548637355,-1.40074118108852,-1.9014578952484,-0.957944702132486,-0.697723558707283
"64",64,25025000802,10520753.59,241.5233,8136,3129,639,469,220,3381,3601,3844,3004.1,"Brighton",0.000106811,0.072405517,2.60019175455417,0.472468043264503,0.369235496558505,0.0576450344149459,0.0270403146509341,0.415560471976401,0.442600786627335,0.0785398230088496,-0.528503927005408,-1.02591291810609,-1.13509156858769,0.79939731944625,0.331690091087311,-0.473996409356308,-0.142136138529264
"65",65,25025000701,2480202.83,56.9376,4446,2359,190,102,126,1176,1302,1396,1708.7,"Brighton",2.52e-05,0.023056171,1.88469690546842,0.313990103463788,0.384322986954566,0.0229419703103914,0.0283400809716599,0.264507422402159,0.292847503373819,0.0427350427350427,-0.0554900003792519,-1.35821398888122,-1.11602193114353,-0.0814415390750152,-0.500050139555227,-0.955909466726992,-0.666221163472671
"66",66,25025981201,8466782.86,194.3706,0,0,0,0,0,0,0,0,0,"Dorchester",8.59e-05,0.148207468,NA,NA,NA,NA,NA,NA,NA,NA,NA,NA,NA,NA,NA,NA,NA
"67",67,25025981501,9855271.2,226.2459,12,0,0,0,0,0,0,5,5.04,"Back Bay",0.000100061,0.301473419,Inf,0.416666666666667,0.42,0,0,0,0,0,1.06303425964744,-1.57789606873635,-1.53181595553867,-1.62386929327012,-2.12654569749828,-1.53110012405878,-0.326670755037584
"68",68,25025981700,3549169.38,81.4777,0,0,0,0,0,0,0,0,0,"Back Bay",3.6e-05,0.026562059,NA,NA,NA,NA,NA,NA,NA,NA,NA,NA,NA,NA,NA,NA,NA
"69",69,25025981800,11806322.09,271.0359,82,49,0,0,8,0,8,11,43.24,"Jamaica Plain",0.000119809,0.127828891,1.6734693877551,0.134146341463415,0.527317073170732,0,0.0975609756097561,0,0.0975609756097561,0,4.42757460677958,-1.57789606873635,-0.10044140465921,-1.62386929327012,-1.58468520140485,-1.53110012405878,-1.260962757239
"70",70,25025100200,3773472.45,86.627,2787,1013,387,691,219,497,716,2750,973.51,"Mattapan",3.83e-05,0.030320679,2.75123395853899,0.986724076067456,0.349303911015429,0.247936849659132,0.0785791173304629,0.178327951202009,0.256907068532472,0.138858988159311,-1.15338701187402,0.796236670036142,-0.378935430570366,-0.58398172117572,-0.69966583354792,0.337867064554505,1.5585036231798
"71",71,25025081200,3039251.67,69.7716,3265,1232,557,1177,292,2122,2414,2872,1113.61,"Jamaica Plain",3.08e-05,0.027054234,2.65016233766234,0.879632465543645,0.341075038284839,0.360490045941807,0.0894333843797856,0.649923430321593,0.739356814701378,0.170597243491577,-1.4113736816133,1.87399589991891,-0.219686083936152,2.16604301968405,1.97989386914419,0.765046886517357,1.20435269565527
"72",72,25025081100,5337204.78,122.5254,4091,1781,314,443,610,1578,2188,2138,1713.58,"Jamaica Plain",5.42e-05,0.04983607,2.29702414373947,0.522610608653141,0.418865802982156,0.108286482522611,0.149107797604498,0.385724761671963,0.534832559276461,0.0767538499144464,1.02747559674892,-0.540992987661907,0.655832389456155,0.62541570780844,0.843951820440429,-0.49803464524894,0.023684843655866
"73",73,25025080900,2762558.85,63.4196,4008,1776,209,246,335,1729,2064,1407,1560.02,"Mission Hill",2.8e-05,0.026789355,2.25675675675676,0.351047904191617,0.389226546906188,0.061377245508982,0.0835828343313373,0.431387225548902,0.514970059880239,0.0521457085828343,0.098243462660366,-0.990174928539216,-0.305522950528106,0.891688203941417,0.733634106731389,-0.829246973173839,-0.543671372358436
"74",74,25025080801,3925348.89,90.1136,3885,946,455,602,206,1807,2013,2627,1347.88,"Mission Hill",3.98e-05,0.02675507,4.10676532769556,0.676190476190476,0.346944658944659,0.154954954954955,0.053024453024453,0.465122265122265,0.518146718146718,0.117117117117117,-1.22735286415301,-0.0941165010789065,-0.753862966045241,1.08840805722294,0.751277489379372,0.0452331908991523,0.531571990663982
"75",75,25025080601,6029101.2,138.4091,4271,920,224,462,97,1424,1521,2125,1544.26,"Mission Hill",6.12e-05,0.056339789,4.64239130434783,0.497541559353781,0.361568719269492,0.108171388433622,0.0227113088269726,0.333411379068134,0.356122687895107,0.0524467337859986,-0.768868118454466,-0.542095077347577,-1.19860496344972,0.320359567942195,-0.148615330085372,-0.825195336076972,-0.0592182616210182
"76",76,25025080500,2643088.91,60.677,3096,1323,663,707,240,1919,2159,2863,1064.84,"Roxbury",2.68e-05,0.026295858,2.34013605442177,0.924741602067183,0.343940568475452,0.228359173126615,0.0775193798449612,0.619832041343669,0.69735142118863,0.214147286821705,-1.32153530215149,0.608769567550782,-0.394483463560806,1.99057046356326,1.74659296962817,1.35120701288465,1.35352817692315
"77",77,25025080401,4740788.83,108.8335,2710,1249,589,805,300,1540,1840,2510,999.88,"Roxbury",4.81e-05,0.04141467,2.1697357886309,0.92619926199262,0.368959409594096,0.297047970479705,0.11070110701107,0.568265682656827,0.678966789667897,0.217343173431734,-0.537159639499496,1.2665028686195,0.0923452045920825,1.68987046014166,1.64448343767589,1.39422192529219,1.35834864429761
"78",78,25025080300,2893472.78,66.425,1769,791,309,373,80,938,1018,1686,629.14,"Roxbury",2.94e-05,0.027321905,2.23640960809102,0.953080836630865,0.355647258338044,0.210853589598643,0.0452232899943471,0.53024307518372,0.575466365178067,0.174674957603166,-0.954514200938725,0.441143903910171,-0.868318424887934,1.46814842103677,1.06963482623651,0.819930722127338,1.44724575346321
"79",79,25025071101,3904559.5,89.6364,3753,2185,574,506,367,1638,2005,1916,1498.77,"Roxbury",3.96e-05,0.029742204,1.71762013729977,0.510524913402611,0.399352517985611,0.134825472954969,0.0977884359179323,0.436450839328537,0.53423927524647,0.152944311217693,0.41570681908655,-0.286867446718492,-0.0971042004705094,0.921215762598577,0.840656679357573,0.527447926305641,-0.0162824344700183
"80",80,25025070900,1802491.05,41.3795,3329,1798,471,285,228,865,1093,1847,1259.64,"Roxbury",1.83e-05,0.018656731,1.85150166852058,0.554821267647942,0.378383899068789,0.085611294683088,0.0684890357464704,0.259837789125864,0.328326824872334,0.14148392910784,-0.241688712536344,-0.758120477511191,-0.526972962025515,-0.10867167084924,-0.302995501385732,0.373197355880118,0.130205183609565
"81",81,25025100100,11170897.96,256.4485,5510,2047,1030,2244,469,2786,3255,5453,1901.9,"Roxbury",0.000113293,0.047456001,2.69174401563263,0.989655172413793,0.345172413793103,0.407259528130672,0.0851179673321234,0.50562613430127,0.590744101633394,0.186932849364791,-1.2829152284744,2.32183961089885,-0.283000109855316,1.32459913045112,1.15448844524891,0.984915342912329,1.56819673064772
"82",82,25025092400,6393422.53,146.7728,5277,2065,769,1734,304,2366,2670,5221,1834.43,"Roxbury",6.48e-05,0.042662874,2.55544794188862,0.989387909797233,0.347627439833239,0.328595793064241,0.0576084896721622,0.448360811066894,0.505969300739056,0.145726738677279,-1.20594672829779,1.56859075324781,-0.686607863717486,0.990666633935528,0.683643259643435,0.430303287429306,1.56731289574147
"83",83,25025092300,3691503.3,84.7453,2893,1077,469,866,325,793,1118,2846,1025.58,"Dorchester",3.74e-05,0.02486187,2.68616527390901,0.983753888696854,0.35450397511234,0.299343242309022,0.112340131351538,0.274109920497753,0.386450051849291,0.162115451088835,-0.990357729162428,1.28848136839417,0.116392296316567,-0.0254462878350302,0.0198249748081882,0.650886529226206,1.54868124207007
"84",84,25025092200,6256656.21,143.6331,3349,1227,370,558,241,692,933,2609,1214.13,"Dorchester",6.35e-05,0.035939225,2.72942135289324,0.779038518960884,0.36253508510003,0.166616900567334,0.0719617796357122,0.206628844431173,0.278590624066886,0.110480740519558,-0.738571198021663,0.0175530910539162,-0.476022290471491,-0.418950120970542,-0.579233846418717,-0.0440888636292081,0.871689480382045
"85",85,25025092000,5271120.79,121.0083,4945,1693,762,1532,476,1816,2292,4687,1751.7,"Dorchester",5.35e-05,0.038110565,2.92085056113408,0.947826086956522,0.354236602628918,0.309807886754297,0.0962588473205258,0.367239635995955,0.463498483316481,0.154095045500506,-0.99874023048871,1.38868613832368,-0.119545695934852,0.517623001564044,0.447757363113014,0.542936189945605,1.42986834675529
"86",86,25025091900,5187639.74,119.0918,3860,1380,674,1055,381,1180,1561,3766,1342.99,"Dorchester",5.26e-05,0.03015586,2.79710144927536,0.975647668393782,0.347924870466321,0.273316062176166,0.0987046632124352,0.305699481865285,0.40440414507772,0.174611398963731,-1.19662186193764,1.03925669470691,-0.0836616900407401,0.158762592784014,0.119543266910745,0.819075257074397,1.52187404937767
"87",87,25025091800,4650342.47,106.7572,3452,1214,515,949,311,1169,1480,3320,1215.35,"Dorchester",4.72e-05,0.029307006,2.84349258649094,0.961761297798378,0.352071263035921,0.274913093858633,0.0900926998841251,0.33864426419467,0.428736964078795,0.149188876013905,-1.06662665536624,1.05454915812013,-0.210012877738555,0.350874202202294,0.254689449007302,0.476901791209297,1.47595195517946
"88",88,25025091700,3114052.12,71.4888,3069,1050,465,964,175,1457,1632,2869,1043.21,"Dorchester",3.16e-05,0.029940841,2.92285714285714,0.934832192896709,0.339918540241121,0.314108830237863,0.0570218312153796,0.474747474747475,0.531769305962854,0.151515151515152,-1.44763151286518,1.42987005570418,-0.695215075564729,1.14453574668829,0.826938296848681,0.508212206481203,1.38689766388919
"89",89,25025091600,3365584.51,77.2632,3138,1165,625,1193,370,1984,2354,2753,1063.01,"Dorchester",3.41e-05,0.032357309,2.69356223175966,0.877310388782664,0.338753983428936,0.380178457616316,0.117909496494583,0.632249840662843,0.750159337157425,0.199171446781389,-1.4841419977802,2.06252335275679,0.198103733502233,2.06298264066578,2.03989183595941,1.14964027220554,1.19667361010728
"90",90,25025050101,3226514.74,74.0706,5115,1850,920,1270,526,2063,2589,3687,1768.04,"East Boston",3.28e-05,0.042397306,2.76486486486486,0.720821114369501,0.345657869012708,0.248289345063539,0.102834799608993,0.403323558162268,0.506158357771261,0.179863147605083,-1.26769552833884,0.799612008881578,-0.0230660257113765,0.728039943833872,0.684693295650353,0.889760965098362,0.679165082501923
"91",91,25025050901,6618679.35,151.944,4165,1446,463,830,229,1587,1816,2950,1482.12,"East Boston",6.72e-05,0.067752119,2.88035961272476,0.70828331332533,0.355851140456182,0.199279711884754,0.0549819927971189,0.381032412965186,0.436014405762305,0.111164465786315,-0.948122211367373,0.330317610711434,-0.725142746762727,0.598053115061648,0.295108870156709,-0.0348862898057001,0.637702694858363
"92",92,25025060501,4431658.04,101.7369,3571,1942,234,324,269,437,706,228,1457.68,"South Boston Waterfront",4.5e-05,0.040815973,1.83882595262616,0.0638476617194063,0.408199383926071,0.0907308877065248,0.0753290394847382,0.122374684962195,0.197703724446934,0.0655278633436012,0.693068440335679,-0.709097537101797,-0.426619237417027,-0.910263191851956,-1.02848535586286,-0.649130377969185,-1.49343981602369
"93",93,25025140107,6752343.7,155.0125,2531,1051,228,589,347,322,669,1640,985.73,"Hyde Park",6.84e-05,0.047299442,2.4081826831589,0.647965231133939,0.38946266297906,0.23271434215725,0.137099960489925,0.127222441722639,0.264322402212564,0.0900829711576452,0.105646031797903,0.650472724595546,0.479658336772876,-0.881994364818714,-0.658480550585342,-0.318631852625922,0.438231376329329
"94",94,25025130404,17628731.82,404.7,2901,1322,305,488,613,286,899,847,1252.41,"West Roxbury",0.000178727,0.057927034,2.19440242057489,0.291968286797656,0.431716649431231,0.168217855911755,0.211306446053085,0.0985866942433644,0.309893140296449,0.105136159944847,1.43036760726737,0.0328831257047892,1.56838540496232,-1.04897860772968,-0.405377477444197,-0.116024039475194,-0.739047099696236
"95",95,25025981202,17165825.45,394.0731,207,0,0,0,0,0,0,52,78.27,"South Boston Waterfront",0.000174235,0.177193131,Inf,0.251207729468599,0.378115942028985,0,0,0,0,0,-0.250089540522812,-1.57789606873635,-1.53181595553867,-1.62386929327012,-2.12654569749828,-1.53110012405878,-0.873841871330499
"96",96,25025040100,2791324.87,64.08,2168,1239,141,322,290,214,504,116,917.28,"Charlestown",2.83e-05,0.030421164,1.7497982243745,0.0535055350553506,0.42309963099631,0.148523985239852,0.133763837638376,0.0987084870848708,0.232472324723247,0.0650369003690037,1.16021202680211,-0.155696600058426,0.430712112952657,-1.04826839454437,-0.83537811317234,-0.655738475165558,-1.52764112957884
"97",97,25025040600,15428730.63,354.1949,2444,1334,176,326,318,387,705,209,1012.23,"Charlestown",0.000156701,0.110420663,1.83208395802099,0.0855155482815057,0.414169394435352,0.133387888707038,0.130114566284779,0.158346972176759,0.288461538461538,0.072013093289689,0.88023661999077,-0.300633112582403,0.377171502968532,-0.70049722884899,-0.524410096068199,-0.561842675959254,-1.42178432325511
"98",98,25025000602,6455495.77,148.1978,3974,2035,584,454,546,1676,2222,1837,1548.04,"Brighton",6.55e-05,0.039888981,1.95282555282555,0.462254655259185,0.389542023150478,0.114242576748868,0.137393054856568,0.42174131857071,0.559134373427277,0.146955208857574,0.108134084172083,-0.48396008465773,0.483958496901416,0.835439821561706,0.97892579942568,0.446837834379396,-0.175911714576347
"99",99,25025000601,5328243.45,122.3196,3571,1525,205,276,334,829,1163,1091,1429.35,"Brighton",5.41e-05,0.051823363,2.34163934426229,0.30551666199944,0.400266031923831,0.0772892747129656,0.0935312237468496,0.232147857742929,0.325679081489779,0.0574068888266592,0.444346758771792,-0.837808430677287,-0.159564268354176,-0.270140556254883,-0.317701253699426,-0.758434320860631,-0.694242753018721
"100",100,25025000502,12898832.45,296.1164,6303,2041,460,98,304,1043,1347,1584,2473.17,"Brighton",0.000130912,0.062241808,3.08819206271436,0.25130890052356,0.392379819133746,0.0155481516738061,0.0482310011105823,0.165476757099794,0.213707758210376,0.072981120101539,0.197102957442082,-1.42901389988194,-0.824190523119127,-0.658921162488139,-0.939597830698675,-0.548813556468842,-0.873507299623361
"101",101,25025000402,8683342.13,199.3421,3648,1543,170,540,367,1117,1484,914,1399.95,"Brighton",8.81e-05,0.03864132,2.36422553467272,0.250548245614035,0.383758223684211,0.148026315789474,0.100603070175439,0.306195175438596,0.406798245614035,0.0466008771929825,-0.0731961188331716,-0.160462060847556,-0.0558090430466724,0.161653141253726,0.132840269079872,-0.903877417132833,-0.876022778104044
"102",102,25025130406,11351426.76,260.5929,5107,2192,430,1444,614,1911,2525,3513,1845.94,"West Roxbury",0.00011507,0.05660307,2.32983576642336,0.687879381241433,0.361452907773644,0.28274916780889,0.120227139220678,0.374192285098884,0.494419424319561,0.0841981593890738,-0.772498970833584,1.12958390884123,0.232107235367906,0.5581661320522,0.619494436536961,-0.397838249362781,0.570227087410541
"103",103,25025120103,3802045.27,87.2829,1508,696,66,313,177,117,294,238,596.44,"Jamaica Plain",3.86e-05,0.0254262,2.16666666666667,0.157824933687003,0.39551724137931,0.207559681697613,0.11737400530504,0.0775862068965517,0.194960212201592,0.0437665782493369,0.295465533119096,0.409602910318096,0.190247226777683,-1.1714391959475,-1.04372301515243,-0.942025554308638,-1.18265788015813
"104",104,25025100700,13058453.75,299.7808,4322,1975,421,877,696,485,1181,475,1762.07,"Dorchester",0.000132421,0.061585585,2.18835443037975,0.109902822767237,0.407697825080981,0.202915316982878,0.161036557149468,0.112216566404442,0.27325312355391,0.0974086071263304,0.677343869017171,0.3651305443297,0.830846248527521,-0.969498444502298,-0.60887869834628,-0.220032738210008,-1.34113584073932
"105",105,25025100603,9541179.81,219.0353,1904,840,185,225,376,120,496,590,752.98,"Dorchester",9.68e-05,0.0742038,2.26666666666667,0.309873949579832,0.39547268907563,0.118172268907563,0.197478991596639,0.0630252100840336,0.260504201680672,0.0971638655462185,0.294068756083899,-0.44633110445538,1.3655146742352,-1.2563490461453,-0.679687103937893,-0.223326828055987,-0.679833244836529
"106",106,25025092101,13905650.86,319.2298,6451,2454,1136,1350,590,2401,2991,4545,2240.18,"Dorchester",0.000141047,0.061461592,2.62876935615322,0.704541931483491,0.34726088978453,0.209269880638661,0.0914586885754147,0.372190358084018,0.463649046659433,0.176096729189273,-1.21743858501441,0.425979012948012,-0.18997165288117,0.546492252500694,0.448593602471992,0.839067001883955,0.62532998103858
"107",107,25025061101,1778928.98,40.8386,2232,1044,354,787,207,1542,1749,1783,738.64,"Dorchester",1.81e-05,0.020834479,2.13793103448276,0.798835125448029,0.330931899641577,0.352598566308244,0.092741935483871,0.690860215053763,0.783602150537634,0.158602150537634,-1.7293752651779,1.79843060907507,-0.171144381466765,2.40475856257876,2.22563556531125,0.603599396135493,0.937156667913993
"108",108,25025070800,2092259.14,48.0317,3706,2156,340,289,240,1165,1405,1399,1469.35,"Roxbury",2.12e-05,0.0198916,1.71892393320965,0.377495952509444,0.396478683216406,0.0779816513761468,0.0647598488936859,0.3143550998381,0.379114948731786,0.0917431192660551,0.325608079470337,-0.83117854042144,-0.581686059380153,0.209236281838691,-0.020914701986826,-0.296287153273103,-0.456207930570998
"109",109,25025070700,1766562.81,40.5547,2361,1366,296,321,232,528,760,1074,935.18,"South End",1.79e-05,0.023717544,1.72840409956076,0.454891994917408,0.396094875052944,0.135959339263024,0.0982634476916561,0.223634053367217,0.321897501058873,0.125370605675561,0.313575156717472,-0.276010048445324,-0.0901350228866773,-0.319787284666609,-0.338704416444579,0.15632070141471,-0.200259961617684
"110",110,25025070600,1426485.77,32.7476,2240,1309,11,331,110,238,348,402,925.17,"South End",1.45e-05,0.018925618,1.71122994652406,0.179464285714286,0.413022321428571,0.147767857142857,0.0491071428571429,0.10625,0.155357142857143,0.00491071428571429,0.844274276829592,-0.162936945623234,-0.81133613137948,-1.0042914099922,-1.26368123787094,-1.46500455477432,-1.11109675082216
"111",111,25025070500,3199661.22,73.4541,5460,3066,586,967,639,1544,2183,2498,2133.73,"South End",3.25e-05,0.03103777,1.78082191780822,0.457509157509157,0.39079304029304,0.177106227106227,0.117032967032967,0.282783882783883,0.39981684981685,0.107326007326007,0.147355221375557,0.117994205708312,0.185243653366595,0.025134372803772,0.0940651075314769,-0.0865498732169423,-0.191605030061262
"112",112,25025070300,3617102.88,83.0373,3909,2706,212,506,550,951,1501,926,1693.91,"Bay Village",3.67e-05,0.02936057,1.44456762749446,0.236889229982093,0.433335891532361,0.129444870810949,0.14070094653364,0.243284727551804,0.383985674085444,0.0542338193911486,1.48113311195423,-0.338389694105237,0.5324905245286,-0.205197890631126,0.00613764799196809,-0.801142126388906,-0.921193011621534
"113",113,25025000401,4639384.1,106.5056,5672,2965,887,558,1198,1899,3097,1583,2419.08,"Brighton",4.71e-05,0.031094361,1.91298482293423,0.279090267983075,0.426495063469676,0.0983779971791255,0.211212976022567,0.334802538787024,0.546015514809591,0.156382228490832,1.26666358399681,-0.635872225975844,1.56701405107705,0.328471867179196,0.9060627392284,0.573720441076476,-0.781634584239185
"114",114,25025000202,6475526.57,148.6576,3885,1522,422,492,389,1116,1505,1515,1457.46,"Brighton",6.57e-05,0.041904848,2.55256241787122,0.38996138996139,0.375150579150579,0.126640926640927,0.1001287001287,0.287258687258687,0.387387387387387,0.108622908622909,-0.343057814381841,-0.365239013441563,-0.062768805475832,0.0512283952468962,0.0250310020798948,-0.0690942802955991,-0.414984848631968
"115",115,25025000201,6451197.13,148.0991,3854,1618,222,200,299,547,846,1126,1504.63,"Brighton",6.55e-05,0.042385933,2.38195302843016,0.292163985469642,0.390407368967307,0.0518941359626362,0.0775817332641412,0.14193046185781,0.219512195121951,0.0576024909185262,0.135263885879497,-1.08098095785797,-0.393568639812718,-0.796227174394636,-0.907359581288071,-0.755801622058994,-0.738399926067413
"116",116,25025981100,29412396.21,675.2157,418,136,25,133,8,117,125,334,143.39,"Roslindale",0.000298285,0.097497378,3.07352941176471,0.799043062200957,0.343038277511962,0.318181818181818,0.0191387559808612,0.279904306220096,0.299043062200957,0.0598086124401914,-1.34982338588153,1.468871172463,-1.25101999101208,0.00834263678374461,-0.465639571613826,-0.726108414635104,0.93784431275896
"117",117,25025140105,10880533,249.7827,3675,1324,414,884,386,721,1107,2370,1401.32,"Roslindale",0.00011031,0.04489438,2.77567975830816,0.644897959183673,0.38131156462585,0.240544217687075,0.105034013605442,0.196190476190476,0.301224489795918,0.11265306122449,-0.149902302428331,0.725448122005924,0.00919993848978786,-0.479819599553571,-0.453523769866149,-0.0148505969928078,0.428087937447017
"118",118,25025980700,31654255.2,726.6817,6,5,4,0,4,0,4,1,3.02,"Roslindale",0.000320901,0.127421947,1.2,0.166666666666667,0.503333333333333,0,0.666666666666667,0,0.666666666666667,0.666666666666667,3.6756508170796,-1.57789606873635,8.24924347547099,-1.62386929327012,1.57616769247346,7.44187413031716,-1.1534183541079
"119",119,25025120105,19809165.83,454.7559,2444,953,234,364,546,206,752,554,1061.8,"Jamaica Plain",0.000200961,0.079516202,2.56453305351522,0.226677577741408,0.434451718494272,0.148936170212766,0.223404255319149,0.0842880523731588,0.307692307692308,0.0957446808510638,1.51611584790523,-0.151749700515378,1.74587949208691,-1.13235858197619,-0.41760105597286,-0.242428289653728,-0.954962847511644
"120",120,25025070200,2892950.65,66.413,5218,1690,593,459,692,1919,2611,3469,1949.13,"Bay Village",2.94e-05,0.025472748,3.08757396449704,0.664814105021081,0.37353967037179,0.0879647374472978,0.132617861249521,0.367765427366807,0.500383288616328,0.11364507474128,-0.39356205775757,-0.735584958797376,0.413898818203763,0.520689059960262,0.652618156818379,-0.0014986293735782,0.493950440462261
"121",121,25025070101,10969123.93,251.8164,5902,3383,457,465,812,1253,2065,2378,2397.59,"Leather District",0.000111356,0.054916474,1.74460537984038,0.40291426635039,0.406233480176211,0.0787868519146052,0.137580481192816,0.212300914944087,0.349881396136903,0.0774313791934937,0.631434608089263,-0.82346829903433,0.486708339102088,-0.385874455632246,-0.183279901931104,-0.488915466082723,-0.372149810809328
"122",122,25025061200,19820250.56,455.0103,3240,2041,133,221,175,547,722,497,1328.07,"South End",0.000201168,0.079030819,1.5874571288584,0.153395061728395,0.409898148148148,0.0682098765432099,0.0540123456790123,0.168827160493827,0.22283950617284,0.0410493827160494,0.74632707474094,-0.924748699833741,-0.739369010896687,-0.639383883965763,-0.888879462516984,-0.978597542655079,-1.197307424182
"123",123,25025061000,1862434.17,42.7556,3098,1408,618,1058,219,1991,2210,1814,1070.76,"South Boston",1.89e-05,0.018864068,2.20028409090909,0.585539057456424,0.345629438347321,0.34151065203357,0.0706907682375726,0.642672692059393,0.713363460296966,0.199483537766301,-1.26858686946439,1.69225768512126,-0.494670047505532,2.12376163554574,1.83552495703895,1.15384084876449,0.231788619501199
"124",124,25025060800,3672689.59,84.3134,3964,2142,159,429,331,571,902,387,1612.62,"South Boston",3.73e-05,0.030296446,1.85060690943044,0.0976286579212916,0.406816347124117,0.108224016145308,0.0835015136226034,0.144046417759839,0.227547931382442,0.0401109989909183,0.649708302155799,-0.541591137842613,-0.306716054555753,-0.783888355769806,-0.862728538913071,-0.991227682164569,-1.38172638600724
"125",125,25025060700,1380119.54,31.6832,1893,636,322,710,194,1211,1405,1539,585.33,"South Boston",1.4e-05,0.015586835,2.97641509433962,0.812995245641838,0.309207606973059,0.375066032752245,0.102482831484416,0.63972530375066,0.742208135235077,0.170100369783413,-2.41046222586918,2.01356905144582,-0.0282299574278377,2.10657446745611,1.99573030322303,0.758359234030799,0.98398404940511
"126",126,25025040401,4652086.45,106.7972,2439,1222,389,530,412,482,894,437,983.66,"Charlestown",4.72e-05,0.046402079,1.99590834697218,0.179171791717917,0.40330463304633,0.21730217302173,0.168921689216892,0.197621976219762,0.366543665436654,0.159491594915949,0.539611154020686,0.502892663904922,0.946533666586777,-0.471472063007149,-0.0907364904658458,0.61557083839647,-1.11206402565912
"127",127,25025020303,4830892.13,110.902,3400,1847,196,289,280,437,717,1353,1387.35,"North End",4.91e-05,0.04779323,1.8408229561451,0.397941176470588,0.408044117647059,0.085,0.0823529411764706,0.128529411764706,0.210882352941176,0.0576470588235294,0.688200625319377,-0.763973962873097,-0.323567437590421,-0.874373002633572,-0.955290329582218,-0.755201762062746,-0.388595771281675
"128",128,25025070402,2880915.51,66.1367,1723,680,317,284,469,1059,1528,1613,649.89,"Bay Village",2.92e-05,0.024716664,2.53382352941176,0.936157864190366,0.377185142193848,0.16482878699942,0.272199651770168,0.614625652930934,0.886825304701103,0.18398142774231,-0.279271417254038,0.000430912692514387,2.46178550105755,1.96021034015352,2.79894419792553,0.945190797563828,1.39128164612594
"129",129,25025020302,826400.6,18.9715,1181,721,123,153,153,154,307,170,489.75,"West End",8.39e-06,0.0120346,1.6380027739251,0.143945808636749,0.414690939881456,0.129551227773074,0.129551227773074,0.130397967823878,0.259949195596952,0.104149026248942,0.896587799206121,-0.337371267251289,0.368906431774382,-0.86347685197072,-0.682769646624454,-0.129310327333668,-1.22855601340811
"130",130,25025020301,2761716.23,63.4003,2023,1414,214,64,449,456,905,620,835.46,"West End",2.8e-05,0.035367996,1.43069306930693,0.306475531389026,0.412980721700445,0.0316361838853188,0.22194760257044,0.225407810182897,0.447355412753337,0.105783489866535,0.842970067167737,-1.2749620756844,1.72450808142871,-0.309443938847236,0.358097617818893,-0.1073113273931,-0.691071781156071
"131",131,25025020101,2401692.52,55.1353,4193,2814,172,595,541,280,821,411,1781.09,"Back Bay",2.44e-05,0.02581305,1.49004975124378,0.0980205103744336,0.424777009301216,0.141903171953255,0.129024564750775,0.0667779632721202,0.195802528022895,0.0410207488671595,1.21280018279182,-0.219094556443772,0.361179448292555,-1.23446553671717,-1.03904473404724,-0.978982938838417,-1.38043053370794
"132",132,25025081001,6011081.99,137.9955,4890,2287,857,603,556,2718,3274,2710,1884.55,"Mission Hill",6.1e-05,0.054715447,2.13817227809357,0.554192229038855,0.38538854805726,0.123312883435583,0.113701431492843,0.555828220858896,0.669529652351738,0.175255623721881,-0.0220831694210103,-0.397106871489767,0.136364732694877,1.61734362480884,1.59206891562058,0.827746175327775,0.128124958970422
"133",133,25025010403,953147.47,21.8813,3003,2076,435,65,428,1613,2041,1317,1214.21,"Back Bay",9.67e-06,0.013280594,1.44653179190751,0.438561438561439,0.404332334332334,0.0216450216450216,0.142524142524143,0.537129537129537,0.67965367965368,0.144855144855145,0.571831026771583,-1.37063299110374,0.559239707034821,1.5083055929489,1.64829847279759,0.418572104039885,-0.254264954652805
"134",134,25025000100,19319283.08,443.5097,4254,1707,383,390,389,732,1121,1746,1609.84,"Brighton",0.000196151,0.094964281,2.4920913884007,0.410437235543018,0.378429713211095,0.0916784203102962,0.0914433474377057,0.172073342736248,0.263516690173954,0.0900329102021627,-0.240252375095306,-0.700024387310789,-0.190196731750677,-0.620454352459941,-0.662955531716078,-0.319305646122963,-0.347271423937785
"135",135,25025120301,7135172.57,163.801,4795,1895,319,812,244,627,871,2887,1822.78,"Jamaica Plain",7.24e-05,0.040522684,2.53034300791557,0.602085505735141,0.38014181438999,0.169343065693431,0.0508863399374348,0.130761209593326,0.181647549530761,0.0665276329509906,-0.186575608439571,0.043657632940551,-0.785232482806758,-0.861358672520057,-1.11766247664362,-0.635674017548066,0.286507565051481
"136",136,25025071201,4329260.48,99.3861,3131,1399,848,712,265,1647,1912,1913,1194.65,"South End",4.39e-05,0.035872355,2.23802716225876,0.610986905142127,0.381555413605877,0.22740338549984,0.0846374960076653,0.526030022357074,0.61066751836474,0.270839987224529,-0.142257295835571,0.599617371339693,-0.290049387724448,1.44358075654293,1.26514449810662,2.11426022457303,0.315944407403849
"137",137,25025091001,12771750.15,293.199,2742,1315,416,489,274,898,1172,1143,1074.97,"Dorchester",0.00012957,0.091888765,2.0851711026616,0.416849015317287,0.392038657913931,0.178336980306346,0.099927060539752,0.327498176513494,0.427425237053246,0.151714077315828,0.186407076022391,0.129779349666412,-0.065727178680551,0.285877784203865,0.247404025175069,0.510889640613203,-0.326067729801209
"138",138,25025091500,4350093.55,99.8644,4370,1653,743,1540,436,1565,2001,3963,1548.72,"Dorchester",4.41e-05,0.029805206,2.64367816091954,0.906864988558352,0.354398169336384,0.352402745995423,0.0997711670480549,0.35812356979405,0.457894736842105,0.170022883295195,-0.993674888228033,1.79655552105881,-0.0680143839413463,0.464464290964535,0.416633762455996,0.757316307635035,1.29441038773141
"139",139,25025091400,3498284.33,80.3096,2741,939,346,397,184,1018,1202,2545,979.08,"Roxbury",3.55e-05,0.026526793,2.91906283280085,0.928493250638453,0.35719810288216,0.144837650492521,0.0671287851149216,0.371397300255381,0.438526085370303,0.126231302444363,-0.905893055331204,-0.190995298181542,-0.546930000427887,0.541867677528612,0.309058914730488,0.16790521633564,1.36593484271856
"140",140,25025091300,2825980.81,64.8756,2499,868,312,630,238,1091,1329,2334,870.74,"Roxbury",2.87e-05,0.026920986,2.87903225806452,0.933973589435774,0.34843537414966,0.252100840336134,0.0952380952380952,0.436574629851941,0.531812725090036,0.12484993997599,-1.18061685742899,0.83610918839639,-0.134521751108722,0.921937624908791,0.827179449724076,0.149312821538632,1.38405827048967
"141",141,25025091200,3483077.78,79.9605,3234,1239,345,627,179,784,963,2253,1158.82,"Dorchester",3.53e-05,0.028351217,2.61016949152542,0.696660482374768,0.358324056895485,0.193877551020408,0.0553494124922696,0.242424242424242,0.297773654916512,0.106679035250464,-0.870592822153742,0.278588926630018,-0.719752115951137,-0.210215655844551,-0.472689948637988,-0.0952577688826702,0.599266104527254
"142",142,25025091100,4562470.46,104.7399,4861,1966,552,1241,421,1436,1857,2601,1744.62,"Dorchester",4.63e-05,0.028562803,2.47253306205493,0.53507508743057,0.358901460604814,0.255297263937461,0.0866076938901461,0.295412466570664,0.382020160460811,0.113556881300144,-0.852490408257974,0.866716715794309,-0.261143453855357,0.0987757018523567,-0.00477895243218444,-0.00268566558865789,0.0649047552674748
"143",143,25025090700,11544136.43,265.0169,4275,1990,545,713,390,1295,1685,1678,1671.75,"Roxbury",0.000117141,0.044662409,2.14824120603015,0.392514619883041,0.391052631578947,0.166783625730994,0.0912280701754386,0.302923976608187,0.394152046783626,0.127485380116959,0.155493771276268,0.0191495768928227,-0.193355191295246,0.142577729986655,0.0626023944674699,0.184784426339423,-0.40654134180157
"144",144,25025090600,3246866.13,74.5378,2348,793,238,718,178,864,1042,2255,834.69,"Roxbury",3.29e-05,0.02931139,2.9609079445145,0.960391822827939,0.355489778534923,0.305792163543441,0.075809199318569,0.367972742759796,0.443781942078365,0.101362862010221,-0.959451413031857,1.35023336311964,-0.419574529610403,0.521897982617755,0.338250311243557,-0.166810597307416,1.47142311460427
"145",145,25025090400,4575787.71,105.0456,3659,1294,627,1104,387,1314,1701,3570,1263.83,"Roxbury",4.64e-05,0.032228126,2.82766615146832,0.975676414320853,0.345403115605357,0.301721781907625,0.105766602896966,0.359114512161793,0.464881115058759,0.171358294616015,-1.27568240398013,1.31125720320563,0.0199481875881671,0.470242794255418,0.455436596711313,0.775290224736126,1.52196911188242
"146",146,25025090300,4094225.77,93.9905,3179,1268,531,925,236,1573,1809,3132,1049.55,"Roxbury",4.15e-05,0.029747067,2.50709779179811,0.985215476564958,0.330150990877634,0.290972003774772,0.0742371815036175,0.494809688581315,0.569046870084932,0.167033658383139,-1.75385784717614,1.20832212020028,-0.442638529122373,1.26152496062749,1.0339805005792,0.71708295037042,1.55351469911321
"147",147,25025090200,2945580.09,67.6212,2233,830,312,815,216,1662,1878,2193,742.63,"Roxbury",2.99e-05,0.025438437,2.69036144578313,0.982086878638603,0.33257053291536,0.364979847738468,0.096730855351545,0.744290192566055,0.8410210479176,0.139722346618898,-1.67800182010615,1.91698824031006,-0.112620588029882,2.71632592606725,2.54454414556056,0.349487404399766,1.54316845581693
"148",148,25025080100,11047170.59,253.6081,3350,744,253,388,131,727,858,2834,1280.14,"Roxbury",0.000112107,0.059038918,4.50268817204301,0.845970149253731,0.382131343283582,0.115820895522388,0.0391044776119403,0.217014925373134,0.256119402985075,0.0755223880597015,-0.124201094892896,-0.468846807718115,-0.958091126227212,-0.35838554642397,-0.704040583201673,-0.514609458525747,1.09303173896794
"149",149,25025060301,2933185.1,67.3367,3076,1647,320,162,437,443,880,107,1339.75,"South Boston",2.98e-05,0.028776031,1.86763812993321,0.0347854356306892,0.435549414824447,0.052665799739922,0.142067620286086,0.144018205461638,0.286085825747724,0.104031209362809,1.55053016319222,-1.07359184954471,0.552541800321806,-0.784052870743934,-0.537604970982447,-0.130896079162668,-1.58954831859363
"150",150,25025090901,12625816.75,289.8489,3730,1640,443,752,155,2330,2485,2330,1306.46,"Dorchester",0.000128102,0.0524838,2.27439024390244,0.624664879356568,0.350257372654156,0.201608579088472,0.0415549597855228,0.624664879356568,0.666219839142091,0.118766756032172,-1.12349465590345,0.352617804814093,-0.922138658565551,2.01875229458685,1.57368598108608,0.067436442169853,0.361177336771589
"151",152,25025060101,3181825.6,73.0447,3216,1684,391,400,374,464,838,101,1367.33,"South Boston",3.23e-05,0.025715036,1.90973871733967,0.0314054726368159,0.425164800995025,0.124378109452736,0.116293532338308,0.144278606965174,0.260572139303483,0.12157960199005,1.22495799479277,-0.386906742041509,0.174394971325885,-0.782534385921694,-0.679309773619399,0.105295833712202,-1.60072582375415
"152",153,25025981502,13774214.08,316.2124,9,3,0,0,0,0,0,2,4.13,"East Boston",0.000139928,0.060570014,3,0.222222222222222,0.458888888888889,0,0,0,0,0,2.28225531978245,-1.57789606873635,-1.53181595553867,-1.62386929327012,-2.12654569749828,-1.53110012405878,-0.969696665425608
"153",154,25025060600,13571977.55,311.5697,2357,1530,123,68,187,164,351,318,978.98,"South Boston Waterfront",0.000137767,0.102629394,1.54052287581699,0.134917267713195,0.415350021213407,0.0288502333474756,0.0793381417055579,0.0695799745439118,0.14891811624947,0.0521849809079338,0.9172509208127,-1.30163909602078,-0.367799336786781,-1.21812610883296,-1.29944404292886,-0.828718388830798,-1.25841331153473
"154",155,25025060400,4297519.18,98.6575,4904,2543,237,367,682,608,1290,278,2151.51,"South Boston",4.36e-05,0.03103127,1.9284309870232,0.0566884176182708,0.438725530179445,0.074836867862969,0.139070146818923,0.123980424143556,0.26305057096248,0.0483278955954323,1.65010582196961,-0.861291585357083,0.50856410113402,-0.900899610834695,-0.665544390484551,-0.880632679639809,-1.51711536751077
"155",156,25025060200,1833887.31,42.1003,1916,999,96,329,158,203,361,32,797.86,"South Boston",1.86e-05,0.023831268,1.91791791791792,0.0167014613778706,0.416419624217119,0.171711899791232,0.0824634655532359,0.105949895615866,0.188413361169102,0.0501043841336117,0.95078447102123,0.0663405322031736,-0.321945869343846,-1.00604141506593,-1.08008468462265,-0.856722100765393,-1.6493518477743
"156",157,25025040801,10251246.56,235.3362,3900,2089,381,665,366,1564,1930,1761,1476.65,"Charlestown",0.00010411,0.130847129,1.86692197223552,0.451538461538462,0.378628205128205,0.170512820512821,0.0938461538461538,0.401025641025641,0.494871794871795,0.0976923076923077,-0.234029375865418,0.0548586835986861,-0.154943743327313,0.714640050794255,0.622006934288437,-0.216214281398309,-0.211350064295468
"157",158,25025010203,3942467.47,90.5066,5569,3663,398,127,250,1955,2205,1964,2149.17,"Fenway",4e-05,0.037534026,1.52033852033852,0.352666546956366,0.385916681630454,0.0228048123541031,0.0448913629017777,0.351050457891902,0.395941820793679,0.0714670497396301,-0.00552544320664064,-1.35952735232379,-0.873188322816709,0.423218703194924,0.0725429247555428,-0.569192128033925,-0.538318536280401
"158",159,25025110403,10231036.38,234.8723,4309,1767,672,951,592,775,1367,2161,1711.82,"Roslindale",0.000103742,0.046189717,2.43859649122807,0.501508470642841,0.39726618705036,0.220700858667904,0.137386864701787,0.179856115107914,0.317242979809701,0.155952657229055,0.350297426137889,0.535436962473173,0.48386767749372,-0.575070506511043,-0.364555953674409,0.567938643267963,-0.0460997240851996
"159",160,25025110201,3747839.93,86.0386,2051,874,256,510,219,515,734,1640,753.75,"Roslindale",3.8e-05,0.031912952,2.3466819221968,0.799609946367626,0.367503656752803,0.248659190638713,0.106777181862506,0.251097025841053,0.357874207703559,0.124817162359824,-0.58279952721977,0.803153485227342,0.0347749869706754,-0.159641869571464,-0.138887266314034,0.148871652479667,0.939718993253937
"160",161,25025981000,12173242.68,279.4592,22,5,0,0,0,0,0,19,6.69,"Roslindale",0.000123476,0.062788022,4.4,0.863636363636364,0.304090909090909,0,0,0,0,0,-2.57087786114456,-1.57789606873635,-1.53181595553867,-1.62386929327012,-2.12654569749828,-1.53110012405878,1.15145374026995
"161",162,25025090100,4811070.98,110.447,4571,1863,974,1394,417,1554,1971,4485,1631.07,"Roxbury",4.88e-05,0.031604262,2.45356951154053,0.981185736162765,0.356830015313936,0.304966090570991,0.091227302559615,0.339969372128637,0.431196674688252,0.21308247648217,-0.917433115435132,1.34232325660983,-0.193366453439233,0.358601332261986,0.268350854120941,1.33687523924099,1.54018838630365
"162",163,25025082100,3988567.24,91.5649,5025,2117,1104,1690,497,3197,3694,4963,1752.74,"Roxbury",4.05e-05,0.027439615,2.37364194615021,0.987661691542289,0.348803980099502,0.336318407960199,0.0989054726368159,0.636218905472637,0.735124378109453,0.219701492537313,-1.16906054533627,1.64253907064651,-0.0807154966694787,2.08612753265115,1.9563866196825,1.42596363021914,1.56160430855048
"163",164,25025082000,4220856.09,96.8975,2815,1278,594,525,358,1035,1393,2763,1077.3,"Roxbury",4.28e-05,0.027350774,2.20266040688576,0.981527531083481,0.382699822380107,0.186500888099467,0.127175843694494,0.367673179396092,0.494849023090586,0.21101243339254,-0.106378480091289,0.207953291114068,0.334055772508286,0.520151132407959,0.621880458219644,1.30901357421794,1.54131869882396
"164",165,25025051200,4435460.51,101.8242,2379,1160,294,403,225,554,779,1030,921.22,"East Boston",4.5e-05,0.069175513,2.05086206896552,0.432955023118958,0.387229928541404,0.169398907103825,0.094577553593947,0.23287095418243,0.327448507776377,0.123581336696091,0.0356466842758833,0.0441923453916409,-0.144212946725827,-0.265923948618257,-0.307873736093496,0.132238104684298,-0.272805316678652
"165",166,25025050700,2924637.13,67.1404,4504,1606,372,887,191,1228,1419,3279,1577.45,"East Boston",2.97e-05,0.028426059,2.80448318804483,0.728019538188277,0.350233126110124,0.196936056838366,0.0424067495559503,0.272646536412078,0.315053285968028,0.0825932504440497,-1.12425481897221,0.307875814819985,-0.909641549014636,-0.0339797505571492,-0.376717666735657,-0.419439459329259,0.702970200938976
"166",167,25025050600,1821435.1,41.8144,2063,806,210,380,134,763,897,1540,749.78,"East Boston",1.85e-05,0.020259269,2.55955334987593,0.746485700436258,0.363441589917596,0.184197770237518,0.0649539505574406,0.369849733397964,0.434803683955405,0.101793504604944,-0.710151004072489,0.185899661228789,-0.578838279516889,0.53284331802038,0.288384436387798,-0.161014379934488,0.76403762214922
"167",168,25025050500,1235330,28.3593,1857,702,149,355,356,617,973,1147,688.53,"East Boston",1.25e-05,0.014792937,2.64529914529915,0.617662897145934,0.370775444264943,0.191168551427033,0.191707054388799,0.332256327409801,0.5239633817986,0.0802369413031772,-0.480224412500371,0.252648754232103,1.2808311829423,0.313624090657049,0.783583646962548,-0.45115411121386,0.338021848846089
"168",169,25025050400,1420513.59,32.6105,2372,1035,219,308,229,658,887,1437,911.34,"East Boston",1.44e-05,0.018323943,2.29178743961353,0.605817875210793,0.38420741989882,0.129848229342327,0.0965430016863406,0.277403035413153,0.373946037099494,0.092327150084317,-0.0591131892192906,-0.334527312631389,-0.115376699825428,-0.00624307683573906,-0.0496231994555296,-0.288426413029063,0.298850475062835
"169",170,25025050300,3824484.97,87.7981,2251,1041,563,703,486,1534,2020,1601,833.28,"East Boston",3.88e-05,0.068313566,2.16234390009606,0.711239449133718,0.370182141270546,0.312305641936917,0.215904042647712,0.681474900044425,0.897378942692137,0.250111061750333,-0.4988252912212,1.41260352841978,1.6358394532601,2.35002977568575,2.85755984297901,1.83526005267177,0.647478607586806
"170",171,25025050200,2618361.16,60.1093,5231,1834,504,1156,319,1726,2045,3878,1799.97,"East Boston",2.66e-05,0.031509608,2.85223555070883,0.741349646339132,0.344096731026572,0.220990250430128,0.0609826037086599,0.329956031351558,0.390938635060218,0.0963486904989486,-1.31663938775101,0.538208048973509,-0.637104248840504,0.300210325361251,0.0447548805438383,-0.234298645123931,0.747052740575244
"171",172,25025040300,3014756.67,69.2093,3882,2037,265,847,259,766,1025,713,1483.72,"Charlestown",3.06e-05,0.031656685,1.90574374079529,0.183668212261721,0.382205048943843,0.218186501803194,0.0667181865018032,0.197320968572901,0.264039155074704,0.068263781555899,-0.121890319352395,0.511360602070624,-0.552954134583688,-0.473227335296024,-0.660053725040383,-0.612306392447645,-1.09719440610312
"172",173,25025040200,1545294.9,35.4751,1606,727,183,611,166,744,910,745,587.93,"Charlestown",1.57e-05,0.023298612,2.20907840440165,0.463885429638854,0.366083437110834,0.380448318804483,0.103362391033624,0.463262764632628,0.566625155666252,0.113947696139477,-0.627325399441358,2.06510742318695,-0.0153254210919697,1.07756471249518,1.0205301289721,0.0025744916486861,-0.170518759364278
"173",174,25025030500,2052881.84,47.1277,2538,1656,81,205,210,334,544,244,1074.25,"North End",2.08e-05,0.045188476,1.53260869565217,0.0961386918833727,0.423266351457841,0.0807722616233255,0.08274231678487,0.131599684791174,0.214342001576044,0.0319148936170213,1.16543894646121,-0.804456900785825,-0.317854678640311,-0.856469254277576,-0.936075198594835,-1.10154284592376,-1.38665368938542
"174",175,25025081900,4664571.96,107.0838,3115,1397,646,704,312,1101,1413,3047,1160.74,"Roxbury",4.73e-05,0.037267564,2.22977809591983,0.978170144462279,0.372629213483146,0.226003210272873,0.10016051364366,0.353451043338684,0.453611556982344,0.207383627608347,-0.42210615466276,0.586209917583098,-0.0623020506550386,0.437217288133701,0.3928446813284,1.26017180290439,1.53021585351104
"175",176,25025081800,4024571.84,92.3915,2898,1388,329,891,286,1263,1549,2820,1054.4,"Roxbury",4.08e-05,0.030773745,2.08789625360231,0.973084886128364,0.36383712905452,0.307453416149068,0.0986887508626639,0.435817805383023,0.534506556245687,0.113526570048309,-0.697750298893588,1.36614077746249,-0.0838951494989407,0.917524338297354,0.842141176759602,-0.00309363871215553,1.51339895303817
"176",177,25025081700,6819156.25,156.5463,3820,1599,715,1250,420,1552,1972,3746,1404.47,"Roxbury",6.92e-05,0.036230015,2.38899312070044,0.980628272251309,0.367662303664921,0.327225130890052,0.109947643979058,0.406282722513089,0.516230366492147,0.18717277486911,-0.577825724627152,1.55546590332731,0.0812907045493078,0.745295781808021,0.740633937982457,0.988144610972158,1.53834485850219
"177",178,25025081500,3619583.13,83.0942,2134,905,340,430,197,809,1006,1957,804.02,"Roxbury",3.67e-05,0.037180224,2.35801104972376,0.917057169634489,0.376766635426429,0.201499531396439,0.0923149015932521,0.379100281162137,0.471415182755389,0.159325210871603,-0.292392189773503,0.351573612730102,-0.177409647261562,0.586786233812263,0.491727266638252,0.613331398777079,1.32811583266736
"178",179,25025081400,6678367.07,153.3142,3003,1462,268,314,283,791,1074,2318,1185.22,"Jamaica Plain",6.78e-05,0.048306125,2.05403556771546,0.771894771894772,0.394678654678655,0.104562104562105,0.0942390942390942,0.263403263403263,0.357642357642358,0.0892440892440892,0.26917466713139,-0.576655970634211,-0.149178683323022,-0.0878802449134919,-0.140174977803149,-0.329922751345121,0.84806517744095
"179",180,25025081300,6246271.61,143.3947,4760,2111,1146,1355,793,3109,3902,4461,1792.61,"Jamaica Plain",6.34e-05,0.042401854,2.25485551871151,0.93718487394958,0.376598739495798,0.284663865546218,0.166596638655462,0.653151260504202,0.819747899159664,0.240756302521008,-0.297655962033006,1.14791820077604,0.912421480004603,2.18486553443343,2.42639158643126,1.70935003209085,1.39467795753655
